100100100100100100100100100100100100100100100100100100100100100100100100100100100100100100100100100100100100100100100100100100100100100100100100100100100
100100100100100100100100100100100100100100100100100100100100100100100100100100100100100100100100100100100100100100100100100100100100100100100100100100100
10010000000100100100100000000000000000000000000000000000000100100100100
10010000000100100100100000000000000000000000000000000000000100100100100
10010000000100100100100000000000000000000000000000000000000100100100100
10010000000100100100100000000000000000000000000000000000000100100100100
10010000000100100100100000000000000000000000000000000000000100100100100
10010000000100100100100000000000000000000000000000000000000100100100100
1001000000010010010010000000000000000000000100100100100100100100100100100100100100100100100100100100100
1001000000010010010010000000000000000000000100100100100100100100100100100100100100100100100100100100100
1001000000010010010010000000000000000000000100100100100100100100100100100100100100100100100100100100100
1001000000010010010010000000000000000000000100100100100100100100100100100100100100100100100100100100100
10010000000100100100100000000000000000000000000000000000000100100100100
10010000000100100100100000000000000000000000000000000000000100100100100
10010000000100100100100000000000000000000000000000000000000100100100100
10010000000100100100100000000000000000000000000000000000000100100100100
100100000001001001001000000000000000000001001001001001000000000000000100100100100
100100000001001001001000000000000000001001001001001001001001001001001000000000000100100100100
1001000000010010010010000000000000010010010010010010010010010010010010010010010010000000000100100100100
10010000000100100100100000000000000100100100100100100100100100100100100100100100100100100000000100100100100
10010000000100100100100000000000000100100100100100100100100100100100100100100100100100100000000100100100100
1001000000010010010010000000000000010010010010010010000000100100100100100100100000000100100100100
10010000000100100100100000000000000100100100100000000000100100100100100000000100100100100
100100000001001001001000000000000001001001001000000000000100100100100000000100100100100
100100000001001001001000000000000001001001001000000000000100100100100000000100100100100
10010000000100100100100000000000000100100100100100100100000000010010010010010000000100100100100
10010000000100100100100000000000000100100100100100100100100100100000010010010010010000000100100100100
10010000000100100100100000000000000100100100100100100100100100100000010010010010010000000100100100100
1001000000010010010010000000000000001001001001001001001001001000000010010010010000000100100100100
100100000001001001001000000000000000000100100100100100100000010010010010010000000100100100100
10010000000100100100100000000100100100100000000000000000010010010010010000000100100100100
1001000000010010010010000000010010010010000000000000000010010010010010010000000100100100100
10010000000100100100100000000100100100100000000000000000100100100100100000000100100100100
1001000000010010010010000000010010010010000000000000000100100100100100100000000100100100100
100100000000000000000100100100100000000000000001001001001001000000000100100100100
100100000000000000000100100100100000000000001001001001001001001001000000000100100100100
100100000000000000000100100100100000000010010010010010010010010010010010000000000100100100100
100100000000000000000100100100100000000010010010010010010010010010010010000000000100100100100
1001000000000000000001001001001000000000100100100100100100100100100100000000000100100100100
1001000000000000000001001001001000000000100100100100100100100000000000000100100100100
10010000000000000000010010010010000000000000000000000000000100100100100
10010000000000000000010010010010000000000000000000000000000100100100100
10010000000000000000010010010010000000000000000000000000000100100100100
10010000000000000000010010010010000000000000000000000000000100100100100
10010000000000000000010010010010000000000000000000000000000100100100100
10010000000000000000010010010010000000000000000000000000000100100100100
100100100100100100100100100100100100100100100100100100100100100100100100100100100100100100100100100100100100100100100100100100100100100100100100100100100
100100100100100100100100100100100100100100100100100100100100100100100100100100100100100100100100100100100100100100100100100100100100100100100100100100100
100100100100100100100100100100100100100100100100100100100100100100100100100100100100100100100100100100100100100100100100100100100100100100100100100100100
100100100100100100100100100100100100100100100100100100100100100100100100100100100100100100100100100100100100100100100100100100100100100100100100100100100
